-148.046875 0.0
46.125 0.0
47.328125 0.0
48.53125 0.0
49.71875 0.0
50.9375 0.0
52.125 0.0
53.328125 0.0
54.46875 0.0
55.65625 0.0
56.859375 0.0
58.046875 0.0
59.25 0.0
60.453125 0.0
61.640625 0.0
62.84375 0.0
64.03125 0.0
65.234375 0.0
66.4375 0.0
67.625 0.0
68.828125 0.0
70.015625 0.0
71.21875 0.0
72.421875 0.0
73.609375 0.0
74.8125 0.0
76.0 0.0
77.203125 0.0
78.390625 0.0
79.578125 0.0
80.765625 0.0
81.96875 0.0
83.15625 0.0
84.34375 0.0
85.546875 0.0
86.75 0.0
87.9375 0.0
89.140625 0.0
90.34375 0.0
91.53125 0.0
92.734375 0.0
93.921875 0.0
95.109375 0.0
96.3125 0.0
97.5 0.0
98.703125 0.0
99.890625 0.0
101.09375 0.0
102.1875 0.0
103.375 0.0
104.5625 0.0
105.765625 0.0
106.953125 0.0
108.140625 0.0
109.328125 0.0
110.515625 0.0
111.703125 0.0
112.90625 0.0
114.09375 0.0
115.28125 0.0
116.46875 0.0
117.65625 0.0
118.859375 0.0
120.046875 0.0
121.234375 0.0
122.421875 0.0
123.609375 0.0
124.8125 0.0
126.0625 0.0
127.25 0.0
128.4375 0.0
129.640625 0.0
130.828125 0.0
132.015625 0.0
133.21875 0.0
134.40625 0.0
135.609375 0.0
136.796875 0.0
138.0 0.0
139.1875 0.0
140.375 0.0
141.5625 0.0
142.765625 0.0
143.953125 0.0
145.140625 0.0
146.34375 0.0
147.53125 0.0
148.71875 0.0
149.921875 0.0
151.09375 0.0
152.28125 0.0
153.484375 0.0
154.671875 0.0
155.859375 0.0
157.046875 0.0
158.25 0.0
159.4375 0.0
160.625 0.0
161.828125 0.0
163.015625 0.0
164.203125 0.0
165.40625 0.0
166.59375 0.0
167.78125 0.0
168.96875 0.0
170.171875 0.0
171.359375 0.0
172.546875 0.0
173.75 0.0
174.921875 0.0
176.109375 0.0
177.296875 0.0
178.5 0.0
179.6875 0.0
-179.125 0.0
-177.9375 0.0
-176.75 0.0
-175.546875 0.0
-174.359375 0.0
-173.171875 0.0
-171.984375 0.0
-170.796875 0.0
-169.59375 0.0
-168.40625 0.0
-167.21875 0.0
-166.03125 0.0
-164.84375 0.0
-163.640625 0.0
-162.453125 0.0
-161.28125 0.0
-160.09375 0.0
-158.90625 0.0
-157.71875 0.0
-156.53125 0.0
-155.34375 0.0
-154.15625 0.0
-152.953125 0.0
-151.765625 0.0
-150.578125 0.0
-149.390625 0.0
-148.203125 0.0
-147.015625 0.0
-145.828125 0.0
-144.640625 0.0
-143.453125 0.0
-142.25 0.0
-141.0625 0.0
-139.875 0.0
-138.6875 0.0
-137.5 0.0
-136.3125 0.0
-135.109375 0.0
-133.9375 0.0
-132.734375 0.0
-131.546875 0.0
-130.359375 0.0
-129.171875 0.0
-127.984375 0.0
-126.78125 0.0
-125.609375 0.0
-124.421875 0.0
-123.21875 0.0
-122.03125 0.0
-120.84375 0.0
-119.65625 0.0
-118.46875 0.0
-117.28125 0.0
-116.078125 0.0
-114.890625 0.0
-118.265625 441.75
-117.1875 445.5
-116.140625 456.75
-115.109375 479.5
-113.84375 495.0
-112.796875 527.0
-111.890625 556.25
-110.734375 563.75
-109.609375 576.25
-108.484375 606.0
-107.5 652.0
-106.46875 716.25
-105.46875 767.25
-98.1875 0.0
-96.984375 0.0
-95.796875 0.0
-94.609375 0.0
-99.703125 867.0
-99.796875 3355.25
-91.03125 0.0
-89.890625 0.0
-88.71875 0.0
-93.9375 902.0
-92.734375 891.0
-85.15625 0.0
-83.96875 0.0
-82.765625 0.0
-81.578125 0.0
-80.40625 0.0
-86.953125 5910.0
-78.015625 0.0
-76.828125 0.0
-75.640625 0.0
-74.453125 0.0
-73.265625 0.0
-72.078125 0.0
-70.890625 0.0
-69.703125 0.0
-68.515625 0.0
-67.328125 0.0
-66.140625 0.0
-64.953125 0.0
-63.765625 0.0
-62.578125 0.0
-61.390625 0.0
-60.203125 0.0
-59.015625 0.0
-57.828125 0.0
-56.640625 0.0
-55.453125 0.0
-61.703125 2560.5
-60.5 2599.0
-51.890625 0.0
-50.703125 0.0
-49.515625 0.0
-54.9375 1019.25
-53.65625 993.75
-52.5 985.5
-51.3125 984.25
-50.171875 996.5
-48.984375 1068.5
-47.828125 1088.75
-39.984375 0.0
-38.796875 0.0
-37.609375 0.0
-36.40625 0.0
-41.8125 1049.75
-40.703125 1056.5
-39.453125 1059.25
-38.265625 1046.25
-30.46875 0.0
-29.28125 0.0
-28.09375 0.0
-26.90625 0.0
-25.703125 0.0
-24.53125 0.0
-23.328125 0.0
-22.140625 0.0
-20.953125 0.0
-19.765625 0.0
-18.578125 0.0
-17.28125 0.0
-16.078125 0.0
-14.890625 0.0
-13.6875 0.0
-12.5 0.0
-11.3125 0.0
-10.109375 0.0
-8.921875 0.0
-7.71875 0.0
-6.53125 0.0
-5.34375 0.0
-4.140625 0.0
-2.953125 0.0
-1.75 0.0
-0.5625 0.0
0.640625 0.0
1.828125 0.0
3.015625 0.0
4.21875 0.0
5.40625 0.0
6.625 0.0
7.8125 0.0
9.015625 0.0
10.203125 0.0
11.390625 0.0
12.59375 0.0
13.78125 0.0
14.96875 0.0
16.171875 0.0
17.359375 0.0
18.5625 0.0
19.75 0.0
20.953125 0.0
22.15625 0.0
23.34375 0.0
24.546875 0.0
25.734375 0.0
26.921875 0.0
28.125 0.0
29.3125 0.0
30.546875 0.0
31.734375 0.0
32.9375 0.0
34.140625 0.0
35.328125 0.0
36.53125 0.0
37.71875 0.0
38.921875 0.0
40.109375 0.0
41.3125 0.0
42.515625 0.0
43.703125 0.0
44.90625 0.0
46.09375 0.0
47.296875 0.0
48.484375 0.0
49.6875 0.0
50.890625 0.0
52.078125 0.0
53.28125 0.0
54.4375 0.0
55.625 0.0
56.8125 0.0
58.015625 0.0
59.203125 0.0
60.40625 0.0
61.59375 0.0
62.796875 0.0
63.984375 0.0
65.171875 0.0
66.375 0.0
67.5625 0.0
68.765625 0.0
69.953125 0.0
71.15625 0.0
72.34375 0.0
73.53125 0.0
74.734375 0.0
75.921875 0.0
77.125 0.0
78.296875 0.0
79.5 0.0
80.6875 0.0
81.875 0.0
83.078125 0.0
84.265625 0.0
85.453125 0.0
86.65625 0.0
87.84375 0.0
89.03125 0.0
90.234375 0.0
91.421875 0.0
92.609375 0.0
93.8125 0.0
95.0 0.0
96.203125 0.0
97.390625 0.0
98.578125 0.0
99.78125 0.0
100.96875 0.0
102.0625 0.0
103.234375 0.0
104.421875 0.0
105.609375 0.0
106.796875 0.0
107.984375 0.0
109.171875 0.0
110.359375 0.0
111.546875 0.0
112.734375 0.0
113.921875 0.0
115.109375 0.0
116.296875 0.0
117.484375 0.0
118.671875 0.0
119.859375 0.0
121.046875 0.0
122.234375 0.0
123.421875 0.0
124.609375 0.0
125.796875 0.0
127.0625 0.0
128.25 0.0
129.4375 0.0
130.640625 0.0
131.828125 0.0
133.015625 0.0
134.203125 0.0
135.40625 0.0
136.59375 0.0
137.78125 0.0
138.96875 0.0
140.15625 0.0
141.359375 0.0
142.546875 0.0
143.734375 0.0
144.921875 0.0
146.125 0.0
147.3125 0.0
148.5 0.0
149.703125 0.0
150.90625 0.0
152.09375 0.0
153.28125 0.0
154.46875 0.0
155.671875 0.0
156.859375 0.0
158.046875 0.0
159.25 0.0
160.421875 0.0
161.625 0.0
162.8125 0.0
164.0 0.0
165.203125 0.0
166.390625 0.0
167.578125 0.0
168.765625 0.0
169.96875 0.0
171.15625 0.0
172.34375 0.0
173.53125 0.0
174.734375 0.0
175.921875 0.0
177.109375 0.0
178.296875 0.0
179.5 0.0
-179.3125 0.0
-178.125 0.0
-176.9375 0.0
-175.75 0.0
-174.546875 0.0
-173.359375 0.0
-172.171875 0.0
-170.96875 0.0
-169.78125 0.0
-168.59375 0.0
-167.390625 0.0
-166.203125 0.0
-165.015625 0.0
-163.828125 0.0
-162.640625 0.0
-161.5 0.0
-160.3125 0.0
-159.125 0.0
-157.9375 0.0
-156.75 0.0
-155.5625 0.0
-154.375 0.0
-153.1875 0.0
-152.0 0.0
-150.8125 0.0
-149.625 0.0
-148.4375 0.0
-147.25 0.0
-146.0625 0.0
-144.875 0.0
-143.6875 0.0
-142.5 0.0
-141.3125 0.0
-140.125 0.0
-138.9375 0.0
-137.734375 0.0
-136.546875 0.0
-135.359375 0.0
-134.171875 0.0
-132.984375 0.0
-131.796875 0.0
-130.609375 0.0
-129.421875 0.0
-128.234375 0.0
-127.046875 0.0
-125.859375 0.0
-124.671875 0.0
-123.484375 0.0
-122.296875 0.0
-121.09375 0.0
-119.921875 0.0
-118.71875 0.0
-117.546875 0.0
-116.359375 0.0
-115.15625 0.0
-113.984375 0.0
-117.53125 443.25
-116.40625 450.75
-115.265625 477.0
-114.15625 492.5
-113.34375 518.0
-112.3125 547.75
-111.234375 569.0
-109.9375 572.25
-108.984375 595.75
-107.828125 632.25
-106.921875 692.0
-105.84375 749.75
-104.71875 808.0
-97.40625 0.0
-96.21875 0.0
-95.03125 0.0
-93.84375 0.0
-92.640625 0.0
-91.46875 0.0
-90.265625 0.0
-89.140625 0.0
-95.46875 2988.75
-86.78125 0.0
-85.59375 0.0
-84.40625 0.0
-83.21875 0.0
-82.03125 0.0
-80.859375 0.0
-79.671875 0.0
-78.46875 0.0
-77.296875 0.0
-76.125 0.0
-74.921875 0.0
-73.75 0.0
-72.5625 0.0
-71.375 0.0
-70.203125 0.0
-69.015625 0.0
-67.828125 0.0
-66.640625 0.0
-65.421875 0.0
-64.234375 0.0
-63.046875 0.0
-61.859375 0.0
-60.6875 0.0
-59.484375 0.0
-58.3125 0.0
-57.125 0.0
-55.9375 0.0
-62.171875 2554.75
-61.03125 2598.25
-52.390625 0.0
-51.203125 0.0
-50.015625 0.0
-55.453125 1039.5
-54.21875 1000.75
-52.9375 986.0
-51.765625 984.75
-50.65625 985.25
-42.90625 0.0
-48.375 1079.0
-47.28125 1101.5
-39.375 0.0
-38.203125 0.0
-37.015625 0.0
-35.828125 0.0
-41.3125 1052.25
-40.109375 1058.0
-38.9375 1053.75
-37.703125 1037.5
-29.90625 0.0
-28.734375 0.0
-27.546875 0.0
-26.359375 0.0
-25.171875 0.0
-24.0 0.0
-22.8125 0.0
-21.625 0.0
-20.4375 0.0
-19.25 0.0
-17.96875 0.0
-16.78125 0.0
-15.59375 0.0
-14.390625 0.0
-13.21875 0.0
-12.03125 0.0
-10.84375 0.0
-9.65625 0.0
-8.453125 0.0
-7.265625 0.0
-6.078125 0.0
-4.890625 0.0
-3.703125 0.0
-2.515625 0.0
-1.328125 0.0
-0.140625 0.0
1.046875 0.0
2.234375 0.0
3.421875 0.0
4.609375 0.0
5.8125 0.0
7.0 0.0
8.1875 0.0
9.375 0.0
10.5625 0.0
11.75 0.0
12.953125 0.0
14.140625 0.0
15.328125 0.0
16.515625 0.0
17.703125 0.0
18.890625 0.0
20.078125 0.0
21.265625 0.0
22.453125 0.0
23.640625 0.0
24.828125 0.0
26.015625 0.0
27.21875 0.0
28.390625 0.0
29.59375 0.0
30.859375 0.0
32.0625 0.0
33.25 0.0
34.453125 0.0
35.640625 0.0
36.828125 0.0
38.03125 0.0
39.21875 0.0
40.40625 0.0
41.609375 0.0
42.796875 0.0
43.984375 0.0
45.171875 0.0
46.375 0.0
47.5625 0.0
48.765625 0.0
49.953125 0.0
51.140625 0.0
52.328125 0.0
53.53125 0.0
54.671875 0.0
55.875 0.0
57.0625 0.0
58.25 0.0
59.4375 0.0
60.625 0.0
61.8125 0.0
63.015625 0.0
64.203125 0.0
65.390625 0.0
66.578125 0.0
67.765625 0.0
68.953125 0.0
70.15625 0.0
71.34375 0.0
72.53125 0.0
73.71875 0.0
74.921875 0.0
76.109375 0.0
77.296875 0.0
78.515625 0.0
79.703125 0.0
80.890625 0.0
82.078125 0.0
83.265625 0.0
84.453125 0.0
85.65625 0.0
86.84375 0.0
88.03125 0.0
89.21875 0.0
90.40625 0.0
91.609375 0.0
92.796875 0.0
93.984375 0.0
95.171875 0.0
96.359375 0.0
97.5625 0.0
98.75 0.0
99.9375 0.0
101.125 0.0
102.234375 0.0
103.421875 0.0
104.609375 0.0
105.796875 0.0
106.984375 0.0
108.171875 0.0
109.359375 0.0
110.53125 0.0
111.734375 0.0
112.90625 0.0
114.09375 0.0
115.296875 0.0
116.46875 0.0
117.65625 0.0
118.84375 0.0
120.03125 0.0
121.21875 0.0
122.40625 0.0
123.578125 0.0
124.78125 0.0
126.015625 0.0
127.203125 0.0
128.40625 0.0
129.578125 0.0
130.765625 0.0
131.96875 0.0
133.15625 0.0
134.34375 0.0
135.53125 0.0
136.71875 0.0
137.90625 0.0
139.09375 0.0
140.28125 0.0
141.46875 0.0
142.671875 0.0
143.84375 0.0
145.046875 0.0
146.234375 0.0
147.421875 0.0
148.609375 0.0
149.796875 0.0
150.96875 0.0
152.15625 0.0
153.359375 0.0
154.53125 0.0
155.734375 0.0
156.90625 0.0
158.09375 0.0
159.28125 0.0
160.46875 0.0
161.671875 0.0
162.84375 0.0
164.046875 0.0
165.234375 0.0
166.421875 0.0
167.609375 0.0
168.796875 0.0
169.984375 0.0
171.171875 0.0
172.359375 0.0
173.546875 0.0
174.765625 0.0
175.953125 0.0
177.140625 0.0
178.328125 0.0
179.515625 0.0
-179.296875 0.0
-178.109375 0.0
-176.921875 0.0
-175.734375 0.0
-174.546875 0.0
-173.34375 0.0
-172.15625 0.0
-170.96875 0.0
-169.78125 0.0
-168.59375 0.0
-167.40625 0.0
-166.203125 0.0
-165.03125 0.0
-163.84375 0.0
-162.640625 0.0
-161.484375 0.0
-160.28125 0.0
-159.109375 0.0
-157.90625 0.0
-156.734375 0.0
-155.546875 0.0
-154.34375 0.0
-153.171875 0.0
-151.984375 0.0
-150.796875 0.0
-149.609375 0.0
-148.40625 0.0
-147.234375 0.0
-146.03125 0.0
-144.84375 0.0
-143.671875 0.0
-142.46875 0.0
-141.296875 0.0
-140.09375 0.0
-138.90625 0.0
-137.703125 0.0
-136.515625 0.0
-135.328125 0.0
-134.15625 0.0
-132.953125 0.0
-131.765625 0.0
-130.578125 0.0
-129.390625 0.0
-128.203125 0.0
-127.015625 0.0
-125.828125 0.0
-124.640625 0.0
-123.453125 0.0
-122.265625 0.0
-121.078125 0.0
-119.890625 0.0
-118.703125 0.0
-117.515625 0.0
-116.328125 0.0
-115.140625 0.0
-113.953125 0.0
-117.4375 442.0
-116.234375 450.5
-115.234375 478.25
-114.296875 492.5
-113.390625 522.25
-112.296875 549.0
-111.25 577.5
-109.828125 572.25
-108.8125 597.5
-107.90625 635.25
-106.828125 691.25
-105.859375 746.0
-104.671875 808.0
-97.359375 0.0
-96.171875 0.0
-94.984375 0.0
-93.796875 0.0
-100.140625 3339.5
-91.421875 0.0
-90.21875 0.0
-89.109375 0.0
-95.453125 2988.75
-86.75 0.0
-85.5625 0.0
-84.375 0.0
-83.203125 0.0
-82.015625 0.0
-80.828125 0.0
-79.65625 0.0
-78.46875 0.0
-77.28125 0.0
-76.09375 0.0
-74.921875 0.0
-73.734375 0.0
-72.546875 0.0
-71.375 0.0
-70.1875 0.0
-69.0 0.0
-67.828125 0.0
-66.640625 0.0
-65.421875 0.0
-64.25 0.0
-63.0625 0.0
-61.875 0.0
-60.703125 0.0
-59.515625 0.0
-58.328125 0.0
-57.140625 0.0
-55.953125 0.0
-62.21875 2544.5
-61.015625 2601.25
-52.40625 0.0
-51.21875 0.0
-50.046875 0.0
-55.421875 1040.0
-54.171875 1000.0
-53.03125 988.5
-51.84375 984.75
-50.65625 985.75
-42.9375 0.0
-48.40625 1077.5
-47.28125 1099.75
-39.359375 0.0
-38.171875 0.0
-36.984375 0.0
-35.796875 0.0
-41.25 1056.25
-40.078125 1057.75
-38.859375 1049.5
-37.625 1027.25
-29.875 0.0
-28.6875 0.0
-27.5 0.0
-26.3125 0.0
-25.140625 0.0
-23.953125 0.0
-22.765625 0.0
-21.578125 0.0
-20.390625 0.0
-19.21875 0.0
-17.9375 0.0
-16.75 0.0
-15.5625 0.0
-14.375 0.0
-13.1875 0.0
-12.0 0.0
-10.8125 0.0
-9.625 0.0
-8.4375 0.0
-7.25 0.0
-6.0625 0.0
-4.875 0.0
-3.6875 0.0
-2.484375 0.0
-1.296875 0.0
-0.109375 0.0
1.078125 0.0
2.265625 0.0
3.453125 0.0
4.640625 0.0
5.828125 0.0
6.953125 0.0
8.140625 0.0
9.328125 0.0
10.515625 0.0
11.703125 0.0
12.890625 0.0
14.0625 0.0
15.25 0.0
16.4375 0.0
17.625 0.0
18.8125 0.0
20.0 0.0
21.1875 0.0
22.375 0.0
23.546875 0.0
24.734375 0.0
25.921875 0.0
27.109375 0.0
28.296875 0.0
29.484375 0.0
30.75 0.0
31.9375 0.0
33.125 0.0
34.3125 0.0
35.515625 0.0
36.6875 0.0
37.875 0.0
39.078125 0.0
40.265625 0.0
41.4375 0.0
42.640625 0.0
43.828125 0.0
45.015625 0.0
46.203125 0.0
47.390625 0.0
48.578125 0.0
49.765625 0.0
50.96875 0.0
52.140625 0.0
53.328125 0.0
54.5 0.0
55.6875 0.0
56.875 0.0
58.0625 0.0
59.25 0.0
60.4375 0.0
61.625 0.0
62.8125 0.0
64.0 0.0
65.1875 0.0
66.375 0.0
67.5625 0.0
68.75 0.0
69.9375 0.0
71.125 0.0
72.296875 0.0
73.5 0.0
74.6875 0.0
75.875 0.0
77.0625 0.0
78.25 0.0
79.421875 0.0
80.609375 0.0
81.796875 0.0
82.984375 0.0
84.171875 0.0
85.359375 0.0
86.546875 0.0
87.734375 0.0
88.921875 0.0
90.109375 0.0
91.296875 0.0
92.484375 0.0
93.671875 0.0
94.859375 0.0
96.046875 0.0
97.234375 0.0
98.421875 0.0
99.609375 0.0
100.796875 0.0
101.96875 0.0
103.109375 0.0
104.296875 0.0
105.484375 0.0
106.671875 0.0
107.84375 0.0
109.046875 0.0
110.21875 0.0
111.40625 0.0
112.59375 0.0
113.78125 0.0
114.953125 0.0
116.140625 0.0
117.328125 0.0
118.5 0.0
119.6875 0.0
120.875 0.0
122.0625 0.0
123.25 0.0
124.421875 0.0
125.609375 0.0
126.875 0.0
128.0625 0.0
129.25 0.0
130.4375 0.0
131.640625 0.0
132.828125 0.0
134.015625 0.0
135.203125 0.0
136.390625 0.0
137.578125 0.0
138.765625 0.0
139.953125 0.0
141.140625 0.0
142.328125 0.0
143.515625 0.0
144.703125 0.0
145.890625 0.0
147.078125 0.0
148.265625 0.0
149.46875 0.0
150.65625 0.0
151.84375 0.0
153.03125 0.0
154.21875 0.0
155.40625 0.0
156.609375 0.0
157.796875 0.0
158.984375 0.0
160.171875 0.0
161.359375 0.0
162.546875 0.0
163.734375 0.0
164.921875 0.0
166.109375 0.0
167.296875 0.0
168.484375 0.0
169.671875 0.0
170.859375 0.0
172.046875 0.0
173.234375 0.0
174.40625 0.0
175.578125 0.0
176.78125 0.0
177.953125 0.0
179.140625 0.0
-179.671875 0.0
-178.484375 0.0
-177.296875 0.0
-176.109375 0.0
-174.921875 0.0
-173.734375 0.0
-172.546875 0.0
-171.359375 0.0
-170.171875 0.0
-169.0 0.0
-167.796875 0.0
-166.625 0.0
-165.421875 0.0
-164.25 0.0
-163.0625 0.0
-161.890625 0.0
-160.703125 0.0
-159.53125 0.0
-158.34375 0.0
-157.15625 0.0
-155.96875 0.0
-154.78125 0.0
-153.59375 0.0
-152.40625 0.0
-151.21875 0.0
-150.03125 0.0
-148.859375 0.0
-147.671875 0.0
-146.484375 0.0
-145.296875 0.0
-144.109375 0.0
-142.921875 0.0
-141.734375 0.0
-140.546875 0.0
-139.375 0.0
-138.1875 0.0
-136.984375 0.0
-135.8125 0.0
-134.625 0.0
-133.4375 0.0
-132.25 0.0
-131.0625 0.0
-129.875 0.0
-128.703125 0.0
-127.5 0.0
-126.328125 0.0
-125.140625 0.0
-123.953125 0.0
-122.765625 0.0
-121.578125 0.0
-120.40625 0.0
-119.203125 0.0
-118.03125 0.0
-116.84375 0.0
-115.65625 0.0
-114.46875 0.0
-118.03125 439.5
-116.765625 448.25
-115.90625 465.25
-114.796875 479.5
-113.625 509.25
-112.59375 520.5
-111.5 562.75
-110.46875 569.5
-109.34375 583.0
-108.296875 617.5
-107.265625 660.0
-106.15625 730.25
-105.25 782.25
-104.25 868.75
-96.671875 0.0
-95.484375 0.0
-94.296875 0.0
-99.46875 887.0
-91.921875 0.0
-90.75 0.0
-89.65625 0.0
-96.0 3012.0
-93.6875 897.5
-86.125 0.0
-84.953125 0.0
-83.765625 0.0
-82.578125 0.0
-81.40625 0.0
-80.21875 0.0
-79.046875 0.0
-77.859375 0.0
-76.6875 0.0
-75.5 0.0
-74.3125 0.0
-73.140625 0.0
-71.953125 0.0
-70.78125 0.0
-69.59375 0.0
-68.421875 0.0
-67.234375 0.0
-66.046875 0.0
-64.859375 0.0
-63.671875 0.0
-62.5 0.0
-61.3125 0.0
-67.703125 3328.5
-58.953125 0.0
-57.765625 0.0
-56.59375 0.0
-55.40625 0.0
-61.65625 2562.0
-60.484375 2602.0
-51.859375 0.0
-50.6875 0.0
-49.5 0.0
-54.9375 1018.75
-53.671875 994.25
-52.53125 988.25
-51.359375 985.5
-50.1875 997.0
-49.015625 1072.0
-47.96875 1088.0
-40.078125 0.0
-38.90625 0.0
-37.734375 0.0
-36.546875 0.0
-42.015625 1051.0
-40.828125 1057.5
-39.6875 1060.0
-38.4375 1044.75
-30.65625 0.0
-29.46875 0.0
-28.296875 0.0
-27.109375 0.0
-25.9375 0.0
-24.75 0.0
-23.578125 0.0
-22.390625 0.0
-21.203125 0.0
-20.03125 0.0
-18.859375 0.0
-17.578125 0.0
-16.390625 0.0
-15.21875 0.0
-14.03125 0.0
-12.84375 0.0
-11.671875 0.0
-10.46875 0.0
-9.296875 0.0
-8.109375 0.0
-6.9375 0.0
-5.75 0.0
-4.5625 0.0
-3.375 0.0
-2.203125 0.0
-1.015625 0.0
0.171875 0.0
1.359375 0.0
2.53125 0.0
3.71875 0.0
4.90625 0.0
6.09375 0.0
7.265625 0.0
8.453125 0.0
9.640625 0.0
10.8125 0.0
12.0 0.0
13.1875 0.0
14.359375 0.0
15.546875 0.0
16.734375 0.0
17.921875 0.0
19.09375 0.0
20.28125 0.0
21.46875 0.0
22.640625 0.0
23.84375 0.0
25.015625 0.0
26.1875 0.0
27.390625 0.0
28.5625 0.0
29.734375 0.0
30.953125 0.0
32.140625 0.0
33.328125 0.0
34.5 0.0
35.6875 0.0
36.875 0.0
38.0625 0.0
39.234375 0.0
40.4375 0.0
41.609375 0.0
42.796875 0.0
43.984375 0.0
45.15625 0.0
46.359375 0.0
47.53125 0.0
48.71875 0.0
49.90625 0.0
51.078125 0.0
52.265625 0.0
53.453125 0.0
54.546875 0.0
55.734375 0.0
56.90625 0.0
58.078125 0.0
59.265625 0.0
60.453125 0.0
61.625 0.0
62.8125 0.0
63.984375 0.0
65.171875 0.0
66.34375 0.0
67.515625 0.0
68.703125 0.0
69.875 0.0
71.0625 0.0
72.234375 0.0
73.421875 0.0
74.609375 0.0
75.78125 0.0
76.953125 0.0
78.15625 0.0
79.328125 0.0
80.515625 0.0
81.703125 0.0
82.875 0.0
84.046875 0.0
85.234375 0.0
86.40625 0.0
87.59375 0.0
88.765625 0.0
89.96875 0.0
91.140625 0.0
92.3125 0.0
93.5 0.0
94.671875 0.0
95.859375 0.0
97.03125 0.0
98.203125 0.0
99.390625 0.0
100.578125 0.0
101.75 0.0
102.875 0.0
104.0625 0.0
105.234375 0.0
106.40625 0.0
107.578125 0.0
108.765625 0.0
109.9375 0.0
111.109375 0.0
112.296875 0.0
113.46875 0.0
114.640625 0.0
115.828125 0.0
117.0 0.0
118.171875 0.0
119.359375 0.0
120.53125 0.0
121.703125 0.0
122.890625 0.0
124.0625 0.0
125.25 0.0
126.484375 0.0
127.65625 0.0
128.84375 0.0
130.015625 0.0
131.203125 0.0
132.375 0.0
133.5625 0.0
134.75 0.0
135.921875 0.0
137.109375 0.0
138.28125 0.0
139.46875 0.0
140.640625 0.0
141.828125 0.0
143.0 0.0
144.1875 0.0
145.359375 0.0
146.546875 0.0
147.71875 0.0
148.90625 0.0
150.140625 0.0
151.3125 0.0
152.515625 0.0
153.6875 0.0
154.875 0.0
156.046875 0.0
157.234375 0.0
158.421875 0.0
159.59375 0.0
160.796875 0.0
161.96875 0.0
163.140625 0.0
164.34375 0.0
165.515625 0.0
166.703125 0.0
167.875 0.0
169.0625 0.0
170.25 0.0
171.421875 0.0
172.609375 0.0
173.796875 0.0
174.96875 0.0
176.140625 0.0
177.328125 0.0
178.5 0.0
179.6875 0.0
-179.125 0.0
-177.953125 0.0
-176.765625 0.0
-175.578125 0.0
-174.40625 0.0
-173.21875 0.0
-172.046875 0.0
-170.859375 0.0
-169.671875 0.0
-168.5 0.0
-167.296875 0.0
-166.125 0.0
-164.953125 0.0
-163.765625 0.0
-162.578125 0.0
-161.421875 0.0
-160.25 0.0
-159.0625 0.0
-157.890625 0.0
-156.71875 0.0
-155.53125 0.0
-154.359375 0.0
-153.171875 0.0
-152.0 0.0
-150.8125 0.0
-149.625 0.0
-148.453125 0.0
-147.265625 0.0
-146.09375 0.0
-144.90625 0.0
-143.734375 0.0
-142.546875 0.0
-141.375 0.0
-140.1875 0.0
-139.0 0.0
-137.859375 0.0
-136.6875 0.0
-135.5 0.0
-134.328125 0.0
-133.15625 0.0
-131.96875 0.0
-130.796875 0.0
-129.609375 0.0
-128.4375 0.0
-127.265625 0.0
-126.0625 0.0
-124.90625 0.0
-123.71875 0.0
-122.53125 0.0
-121.359375 0.0
-120.1875 0.0
-119.015625 0.0
-117.828125 0.0
-116.65625 0.0
-115.484375 0.0
-114.296875 0.0
-117.828125 439.75
-116.75 448.0
-115.703125 462.25
-114.484375 491.0
-113.5625 512.75
-112.40625 542.5
-111.46875 568.0
-110.234375 570.25
-109.125 585.0
-108.046875 619.75
-107.140625 667.25
-106.109375 737.0
-105.140625 789.0
-104.03125 878.75
-96.546875 0.0
-95.359375 0.0
-94.1875 0.0
-93.0 0.0
-91.8125 0.0
-97.125 961.25
-89.5 0.0
-88.328125 0.0
-93.59375 902.0
-85.96875 0.0
-84.796875 0.0
-83.609375 0.0
-82.4375 0.0
-81.265625 0.0
-80.09375 0.0
-78.90625 0.0
-77.734375 0.0
-76.546875 0.0
-75.375 0.0
-74.203125 0.0
-73.015625 0.0
-71.84375 0.0
-70.671875 0.0
-69.484375 0.0
-68.3125 0.0
-67.140625 0.0
-65.890625 0.0
-64.71875 0.0
-63.546875 0.0
-62.359375 0.0
-61.1875 0.0
-67.5625 3328.5
-58.8125 0.0
-57.640625 0.0
-56.46875 0.0
-55.28125 0.0
-61.515625 2563.75
-60.359375 2594.25
-51.75 0.0
-50.5625 0.0
-49.375 0.0
-54.75 1018.75
-53.53125 993.5
-52.40625 989.0
-51.140625 984.75
-49.984375 998.0
-48.953125 1072.75
-47.78125 1090.25
-39.953125 0.0
-38.765625 0.0
-37.59375 0.0
-36.40625 0.0
-41.84375 1052.75
-40.703125 1057.75
-39.484375 1060.0
-38.34375 1044.0
-30.515625 0.0
-29.328125 0.0
-28.15625 0.0
-26.96875 0.0
-25.796875 0.0
-24.609375 0.0
-23.4375 0.0
-22.25 0.0
-21.078125 0.0
-19.890625 0.0
-18.703125 0.0
-17.4375 0.0
-16.25 0.0
-15.078125 0.0
-13.890625 0.0
-12.703125 0.0
-11.53125 0.0
-10.34375 0.0
-9.15625 0.0
-7.96875 0.0
-6.78125 0.0
-5.609375 0.0
-4.421875 0.0
-3.234375 0.0
-2.0625 0.0
-0.875 0.0
0.3125 0.0
1.5 0.0
2.671875 0.0
3.859375 0.0
5.046875 0.0
6.203125 0.0
7.375 0.0
8.5625 0.0
9.734375 0.0
10.921875 0.0
12.09375 0.0
13.296875 0.0
14.46875 0.0
15.640625 0.0
16.828125 0.0
18.015625 0.0
19.1875 0.0
20.375 0.0
21.5625 0.0
22.734375 0.0
23.921875 0.0
25.109375 0.0
26.28125 0.0
27.46875 0.0
28.640625 0.0
29.828125 0.0
31.109375 0.0
32.296875 0.0
33.484375 0.0
34.671875 0.0
35.859375 0.0
37.046875 0.0
38.234375 0.0
39.40625 0.0
40.609375 0.0
41.796875 0.0
42.96875 0.0
44.15625 0.0
45.34375 0.0
46.53125 0.0
47.71875 0.0
48.90625 0.0
50.09375 0.0
51.28125 0.0
52.46875 0.0
53.65625 0.0
54.75 0.0
55.9375 0.0
57.109375 0.0
58.296875 0.0
59.484375 0.0
60.65625 0.0
61.84375 0.0
63.015625 0.0
64.203125 0.0
65.390625 0.0
66.5625 0.0
67.75 0.0
68.9375 0.0
70.109375 0.0
71.296875 0.0
72.46875 0.0
73.65625 0.0
74.84375 0.0
76.03125 0.0
77.203125 0.0
78.328125 0.0
79.5 0.0
80.671875 0.0
81.84375 0.0
83.03125 0.0
84.203125 0.0
85.375 0.0
86.5625 0.0
87.734375 0.0
88.921875 0.0
90.09375 0.0
91.265625 0.0
92.453125 0.0
93.625 0.0
94.8125 0.0
95.984375 0.0
97.171875 0.0
98.34375 0.0
99.515625 0.0
100.703125 0.0
101.875 0.0
103.0 0.0
104.171875 0.0
105.34375 0.0
106.53125 0.0
107.703125 0.0
108.875 0.0
110.046875 0.0
111.21875 0.0
112.40625 0.0
113.578125 0.0
114.75 0.0
115.9375 0.0
117.109375 0.0
118.28125 0.0
119.453125 0.0
120.625 0.0
121.8125 0.0
122.984375 0.0
124.15625 0.0
125.328125 0.0
126.5625 0.0
127.75 0.0
128.921875 0.0
130.109375 0.0
131.28125 0.0
132.453125 0.0
133.640625 0.0
134.8125 0.0
135.984375 0.0
137.171875 0.0
138.34375 0.0
139.53125 0.0
140.703125 0.0
141.875 0.0
143.046875 0.0
144.234375 0.0
145.40625 0.0
146.59375 0.0
147.765625 0.0
148.953125 0.0
150.1875 0.0
151.375 0.0
152.546875 0.0
153.734375 0.0
154.90625 0.0
156.09375 0.0
157.265625 0.0
158.453125 0.0
159.640625 0.0
160.8125 0.0
162.0 0.0
163.171875 0.0
164.359375 0.0
165.546875 0.0
166.71875 0.0
167.90625 0.0
169.078125 0.0
170.265625 0.0
171.4375 0.0
172.625 0.0
173.796875 0.0
174.953125 0.0
176.125 0.0
177.3125 0.0
178.484375 0.0
179.671875 0.0
-179.15625 0.0
-177.984375 0.0
-176.796875 0.0
-175.625 0.0
-174.4375 0.0
-173.265625 0.0
-172.078125 0.0
-170.90625 0.0
-169.71875 0.0
-168.546875 0.0
-167.375 0.0
-166.1875 0.0
-165.0 0.0
-163.828125 0.0
-162.640625 0.0
-161.453125 0.0
-160.28125 0.0
-159.09375 0.0
-157.921875 0.0
-156.734375 0.0
-155.546875 0.0
-154.375 0.0
-153.203125 0.0
-152.015625 0.0
-150.84375 0.0
-149.65625 0.0
-148.484375 0.0
-147.296875 0.0
-146.125 0.0
-144.9375 0.0
-143.75 0.0
-142.578125 0.0
-141.40625 0.0
-140.21875 0.0
-139.046875 0.0
-137.875 0.0
-136.703125 0.0
-135.53125 0.0
-134.359375 0.0
-133.171875 0.0
-132.0 0.0
-130.8125 0.0
-129.640625 0.0
-128.46875 0.0
-127.28125 0.0
-126.109375 0.0
-124.9375 0.0
-123.75 0.0
-122.578125 0.0
-121.390625 0.0
-120.21875 0.0
-119.046875 0.0
-117.859375 0.0
-116.6875 0.0
-115.5 0.0
-114.328125 0.0
-117.890625 439.75
-116.546875 449.5
-115.578125 462.25
-114.734375 483.75
-113.65625 511.0
-112.5 530.0
-111.578125 567.25
-110.3125 569.5
-109.25 583.0
-108.3125 617.5
-107.171875 662.0
-106.25 730.75
-105.1875 782.5
-104.1875 870.25
-96.6875 0.0
-95.5 0.0
-94.328125 0.0
-99.484375 876.0
-91.96875 0.0
-90.796875 0.0
-89.703125 0.0
-96.0625 3013.25
-93.78125 897.25
-92.5 885.5
-85.03125 0.0
-83.859375 0.0
-82.671875 0.0
-81.515625 0.0
-80.34375 0.0
-79.15625 0.0
-78.0 0.0
-76.828125 0.0
-75.65625 0.0
-74.484375 0.0
-73.3125 0.0
-72.125 0.0
-70.96875 0.0
-69.796875 0.0
-68.609375 0.0
-67.453125 0.0
-66.265625 0.0
-65.03125 0.0
-63.859375 0.0
-62.6875 0.0
-69.046875 3292.25
-60.34375 0.0
-66.734375 3345.5
-57.984375 0.0
-56.8125 0.0
-55.625 0.0
-61.875 2550.5
-60.71875 2603.5
-52.109375 0.0
-50.9375 0.0
-49.765625 0.0
-55.125 1023.75
-53.9375 996.5
-52.8125 986.0
-51.59375 985.0
-50.4375 994.5
-49.3125 1067.5
-48.125 1083.75
-40.328125 0.0
-39.15625 0.0
-37.984375 0.0
-36.8125 0.0
-35.640625 0.0
-41.03125 1053.25
-39.890625 1060.75
-38.703125 1049.75
-37.484375 1014.25
-29.75 0.0
-28.578125 0.0
-27.390625 0.0
-26.21875 0.0
-25.046875 0.0
-23.875 0.0
-22.703125 0.0
-21.515625 0.0
-27.21875 1318.75
-19.171875 0.0
-17.875 0.0
-16.703125 0.0
-15.515625 0.0
-14.328125 0.0
-13.15625 0.0
-11.96875 0.0
-10.796875 0.0
-9.609375 0.0
-8.4375 0.0
-7.234375 0.0
-6.0625 0.0
-4.890625 0.0
-3.703125 0.0
-2.53125 0.0
-1.34375 0.0
-0.15625 0.0
1.015625 0.0
2.203125 0.0
3.390625 0.0
4.578125 0.0
5.75 0.0
6.9375 0.0
8.109375 0.0
9.296875 0.0
10.46875 0.0
11.65625 0.0
12.828125 0.0
14.015625 0.0
15.203125 0.0
16.375 0.0
17.578125 0.0
18.75 0.0
19.921875 0.0
21.109375 0.0
22.28125 0.0
23.46875 0.0
24.65625 0.0
25.828125 0.0
27.015625 0.0
28.1875 0.0
29.375 0.0
30.625 0.0
31.796875 0.0
32.984375 0.0
34.171875 0.0
35.34375 0.0
36.546875 0.0
37.71875 0.0
38.90625 0.0
40.09375 0.0
41.265625 0.0
42.453125 0.0
43.640625 0.0
44.828125 0.0
46.015625 0.0
47.1875 0.0
48.375 0.0
49.5625 0.0
50.734375 0.0
51.921875 0.0
53.109375 0.0
54.234375 0.0
55.421875 0.0
56.59375 0.0
57.78125 0.0
58.953125 0.0
60.140625 0.0
61.328125 0.0
62.5 0.0
63.671875 0.0
64.859375 0.0
66.046875 0.0
67.21875 0.0
68.40625 0.0
69.59375 0.0
70.765625 0.0
71.9375 0.0
73.125 0.0
74.3125 0.0
75.5 0.0
76.671875 0.0
77.859375 0.0
79.03125 0.0
80.21875 0.0
81.390625 0.0
82.578125 0.0
83.765625 0.0
84.9375 0.0
86.125 0.0
87.296875 0.0
88.484375 0.0
89.671875 0.0
90.84375 0.0
92.03125 0.0
93.203125 0.0
94.390625 0.0
95.5625 0.0
96.75 0.0
97.921875 0.0
99.109375 0.0
100.296875 0.0
101.46875 0.0
102.5625 0.0
103.734375 0.0
104.90625 0.0
106.09375 0.0
107.265625 0.0
108.4375 0.0
109.609375 0.0
110.796875 0.0
111.96875 0.0
113.15625 0.0
114.328125 0.0
115.5 0.0
116.671875 0.0
117.84375 0.0
119.03125 0.0
120.203125 0.0
121.375 0.0
122.5625 0.0
123.734375 0.0
124.90625 0.0
126.078125 0.0
127.25 0.0
128.4375 0.0
129.609375 0.0
130.78125 0.0
131.953125 0.0
133.140625 0.0
134.3125 0.0
135.484375 0.0
136.65625 0.0
137.84375 0.0
139.015625 0.0
140.1875 0.0
141.375 0.0
142.546875 0.0
143.71875 0.0
144.890625 0.0
146.0625 0.0
147.25 0.0
148.421875 0.0
149.59375 0.0
150.84375 0.0
152.015625 0.0
153.203125 0.0
154.390625 0.0
155.5625 0.0
156.75 0.0
157.921875 0.0
159.09375 0.0
160.28125 0.0
161.453125 0.0
162.640625 0.0
163.8125 0.0
165.0 0.0
166.171875 0.0
167.34375 0.0
168.53125 0.0
169.703125 0.0
170.890625 0.0
172.0625 0.0
173.25 0.0
174.421875 0.0
175.59375 0.0
176.765625 0.0
177.953125 0.0
179.125 0.0
-179.703125 0.0
-178.515625 0.0
-177.34375 0.0
-176.15625 0.0
-174.984375 0.0
-173.8125 0.0
-172.625 0.0
-171.453125 0.0
-170.265625 0.0
-169.09375 0.0
-167.90625 0.0
-166.734375 0.0
-165.5625 0.0
-164.375 0.0
-163.203125 0.0
-162.03125 0.0
-160.84375 0.0
-159.671875 0.0
-158.484375 0.0
-157.3125 0.0
-156.140625 0.0
-154.953125 0.0
-153.78125 0.0
-152.59375 0.0
-151.421875 0.0
-150.234375 0.0
-149.0625 0.0
-147.890625 0.0
-146.703125 0.0
-145.53125 0.0
-144.34375 0.0
-143.171875 0.0
-142.0 0.0
-140.8125 0.0
-139.640625 0.0
-138.453125 0.0
-137.265625 0.0
-136.09375 0.0
-134.90625 0.0
-133.734375 0.0
-132.5625 0.0
-131.390625 0.0
-130.203125 0.0
-129.03125 0.0
-127.84375 0.0
-126.671875 0.0
-125.484375 0.0
-124.3125 0.0
-123.140625 0.0
-121.953125 0.0
-120.78125 0.0
-119.609375 0.0
-118.421875 0.0
-117.25 0.0
-116.0625 0.0
-114.890625 0.0
-118.28125 443.0
-117.09375 444.5
-116.203125 453.0
-115.171875 479.75
-113.859375 492.25
-112.90625 525.75
-111.90625 554.5
