20.84375 0 1811.75
19.46875 0 1794.25
18.125 0 1776.75
16.84375 0 1767.0
15.484375 0 1749.25
14.171875 0 1735.0
12.578125 0 1253.5
11.3125 0 1306.5
7.65625 0 1852.5
6.296875 0 1845.75
5.0 0 1845.5
3.65625 0 1833.5
2.359375 0 1827.25
1.046875 0 1827.75
-0.328125 0 1832.75
-1.609375 0 1843.75
-2.984375 0 1843.75
-4.28125 0 1845.75
-5.5625 0 1851.25
-6.890625 0 1863.75
-8.21875 0 1864.25
-9.578125 0 1867.5
-10.84375 0 1876.0
-12.203125 0 1888.0
-13.46875 0 1904.0
-14.828125 0 1899.75
-16.140625 0 1919.75
-17.421875 0 1932.0
-18.78125 0 1941.75
-22.3125 0 878.0
-23.6875 0 870.5
-25.0 0 876.25
-26.171875 0 899.75
-27.53125 0 942.25
-28.78125 0 977.25
-30.03125 0 986.75
-31.296875 0 1013.75
-32.703125 0 1024.0
-33.984375 0 1031.0
-35.25 0 1047.25
-36.625 0 1062.75
-38.34375 0 787.0
-39.859375 0 768.75
-41.1875 0 768.0
-42.46875 0 776.0
-43.65625 0 778.5
-45.0625 0 789.0
-50.5625 0 1966.5
-51.875 0 1933.0
-53.203125 0 1899.75
-54.59375 0 1869.5
-55.875 0 1837.25
-57.265625 0 1803.75
-58.59375 0 1768.25
-59.953125 0 1749.75
-61.265625 0 1726.5
-62.578125 0 1699.0
-67.953125 0 1634.5
-69.25 0 1614.25
-70.65625 0 1588.75
-71.953125 0 1583.0
-73.28125 0 1579.0
-74.59375 0 1567.5
-75.953125 0 1551.5
-77.265625 0 1545.5
-78.59375 0 1537.25
-79.890625 0 1531.25
-81.421875 0 1346.0
-82.828125 0 1249.25
-84.0625 0 1335.5
-85.234375 0 1524.0
-86.703125 0 1331.5
-87.84375 0 1515.0
-89.328125 0 1291.0
