28.40625 0 746.75
27.234375 0 747.75
25.921875 0 750.5
24.703125 0 751.75
23.421875 0 755.0
22.1875 0 759.25
20.875 0 760.5
19.578125 0 765.75
14.984375 0 360.75
11.625 0 624.75
8.6875 0 511.75
7.25 0 514.75
6.15625 0 502.25
4.734375 0 512.0
-0.1875 0 258.0
-1.90625 0 246.25
-2.640625 0 247.25
-5.109375 0 239.75
-4.9375 0 237.5
-6.359375 0 236.75
-8.140625 0 237.0
-10.078125 0 238.5
-10.03125 0 240.75
-12.84375 0 243.25
-13.0625 0 246.5
-13.390625 0 251.0
-14.234375 0 257.0
-17.9375 0 497.0
-18.921875 0 510.0
-21.65625 0 799.75
-27.46875 0 399.75
-28.59375 0 402.75
29.21875 0 746.25
27.828125 0 746.25
26.609375 0 748.25
25.359375 0 752.5
24.0625 0 752.75
22.921875 0 756.25
21.671875 0 758.25
20.453125 0 761.5
19.09375 0 767.0
17.921875 0 771.5
12.546875 0 642.75
10.921875 0 562.25
9.609375 0 542.75
8.09375 0 511.75
6.953125 0 518.5
5.625 0 503.25
4.265625 0 510.25
-0.921875 0 253.5
-1.59375 0 246.0
-2.984375 0 243.5
-5.390625 0 238.75
-6.1875 0 237.0
-7.953125 0 236.5
-9.203125 0 237.0
-9.140625 0 239.0
-11.703125 0 241.0
-11.875 0 244.25
-13.359375 0 247.5
-14.53125 0 252.0
-15.109375 0 259.5
-18.109375 0 499.25
-19.125 0 514.75
-21.984375 0 804.75
-27.875 0 401.5
-28.859375 0 405.75
29.09375 0 745.75
27.875 0 747.5
26.671875 0 748.5
25.359375 0 752.5
24.09375 0 752.75
22.953125 0 756.5
21.625 0 758.25
20.453125 0 762.5
19.171875 0 767.25
12.46875 0 645.25
11.0625 0 564.5
9.5625 0 544.0
8.203125 0 513.25
7.078125 0 518.5
5.765625 0 503.5
4.578125 0 508.75
-1.28125 0 253.5
-0.8125 0 246.25
-2.71875 0 243.25
-3.78125 0 239.0
-6.265625 0 237.0
-7.921875 0 236.75
-9.15625 0 237.0
-8.890625 0 239.0
-10.15625 0 241.0
-12.90625 0 244.0
-12.953125 0 247.25
-13.171875 0 252.0
-14.421875 0 259.25
-18.15625 0 499.0
-19.21875 0 513.5
-21.890625 0 799.5
-27.296875 0 409.0
-28.75 0 402.5
28.96875 0 744.75
27.59375 0 747.25
26.328125 0 747.5
25.171875 0 752.0
24.0 0 753.5
22.609375 0 755.0
21.53125 0 759.5
20.140625 0 764.5
19.046875 0 769.0
12.375 0 647.75
10.828125 0 566.5
9.484375 0 542.5
8.078125 0 515.25
6.75 0 514.75
5.6875 0 503.75
4.328125 0 510.25
-0.265625 0 252.5
-2.03125 0 245.75
-4.3125 0 242.5
-3.828125 0 238.5
-7.046875 0 236.75
-6.140625 0 236.75
-8.28125 0 237.25
-10.53125 0 239.0
-9.90625 0 241.75
-11.5 0 244.25
-14.265625 0 247.75
-14.9375 0 252.25
-15.21875 0 259.5
-18.203125 0 499.25
-19.171875 0 514.5
-22.03125 0 805.0
-27.40625 0 402.75
-28.90625 0 403.5
28.5 0 747.0
27.21875 0 746.75
26.046875 0 749.75
24.671875 0 751.0
23.515625 0 753.5
22.203125 0 758.0
21.109375 0 760.5
19.84375 0 766.25
18.59375 0 768.75
14.96875 0 345.75
11.890625 0 642.0
9.140625 0 526.5
7.703125 0 515.25
6.484375 0 502.25
5.21875 0 507.5
0.484375 0 262.25
-0.1875 0 248.75
-2.890625 0 247.5
-3.625 0 240.5
-5.984375 0 237.75
-7.21875 0 236.75
-8.453125 0 236.5
-8.015625 0 237.75
-10.953125 0 239.5
-10.5 0 242.5
-11.859375 0 245.25
-12.796875 0 249.25
-13.59375 0 254.5
-15.59375 0 263.75
-18.65625 0 501.75
-19.703125 0 521.5
-27.875 0 402.0
-28.953125 0 412.75
28.953125 0 746.25
27.640625 0 747.25
26.4375 0 748.5
25.109375 0 751.0
23.96875 0 754.25
22.765625 0 756.0
21.453125 0 758.25
20.265625 0 764.25
19.0 0 769.0
12.578125 0 648.0
11.015625 0 564.5
9.625 0 542.75
8.03125 0 513.25
7.09375 0 518.75
5.765625 0 503.5
4.421875 0 511.75
-1.1875 0 252.75
-1.4375 0 246.0
-3.0625 0 242.75
-3.9375 0 238.75
-6.015625 0 237.0
-6.421875 0 236.75
-7.421875 0 237.25
-8.59375 0 239.0
-11.046875 0 241.0
-12.21875 0 244.0
-12.9375 0 247.25
-13.921875 0 252.0
-15.078125 0 258.5
-17.96875 0 497.75
-19.015625 0 511.25
-21.90625 0 799.75
